01   2721001      01   09912613891        190033   190126   0904   000052   0002   0003   
01   2721001      01   05327881596        201240   202444   0904   000724   0026   0003   
01   2721005      01   4503318            144932   145056   0905   000084   0004   0002   
01   2721007      01   09932014462        175026   175945   0904   000559   0020   0003   
01   2721010      01   09912870640        132328   132413   0905   000045   0002   0003   
01   2721012      01   09915826643        155032   155553   0905   000321   0012   0003   
01   2721172      01   111                200821   200841   0904   000020   0002   0002   
01   2721194      01   111                125219   125249   0905   000029   0002   0002   
01   2721194      01   111                131146   131149   0905   000002   0002   0002   
01   2721194      01   111                131210   131223   0905   000012   0002   0002   
01   2721241      01   3221240            190300   190324   0904   000024   0002   0002   
01   2721241      01   7213999            190409   190449   0904   000040   0002   0002   
01   2721241      01   4822350            190650   190743   0904   000054   0002   0002   
01   2721241      01   4822831            190755   191024   0904   000149   0006   0002   
01   2721270      01   3222862            200408   201418   0904   000610   0022   0002   
01   2721272      01   4502170            172051   172243   0904   000112   0004   0004   
01   2721273      01   6911126            132808   133418   0904   000370   0014   0002   
01   2721273      01   5304107            135003   135254   0904   000171   0006   0002   
01   2721310      01   09965023490        114928   115004   0904   000036   0002   0003   
01   2721310      01   09912631796        182805   183022   0904   000137   0006   0003   
01   2721310      01   09965023490        204046   204917   0904   000511   0018   0003   
01   2721311      01   07315582633        085015   085211   0905   000117   0004   0003   
01   2721313      01   09962011409        133558   133628   0904   000030   0002   0003   
01   2721313      01   09962023303        141756   142221   0904   000265   0010   0003   
01   2721313      01   0903290054         204427   204440   0904   000013   0002   0003   
01   2721313      01   09962011409        212341   212617   0904   000156   0006   0003   
01   2721313      01   09962011409        212652   215353   0904   001621   0056   0003   
01   2721313      01   0903290054         215443   220602   0904   000679   0018   0003   
01   2721313      01   0903290054         220725   221149   0904   000264   0005   0003   
01   2721313      01   0903290054         221557   221649   0904   000052   0001   0003   
01   2721313      01   09962011409        144016   145211   0905   000715   0024   0003   
01   2721315      01   05134573203        100712   100802   0905   000051   0002   0003   
01   2721322      01   09081221335        214501   215021   0904   000320   0012   0003   
01   2721326      01   09913820126        230335   230452   0904   000077   0002   0003   
01   2721326      01   6661068            152513   153421   0905   000548   0020   0002   
01   2721410      01   01066770534        125457   125558   0904   000061   0004   0003   
01   2721501      01   09982821043        134905   135006   0905   000061   0004   0003   
01   2721507      01   09915855666        131628   131657   0905   000029   0002   0003   
01   2721507      01   4500161            132336   132406   0905   000030   0002   0002   
01   2721507      01   09914816126        132536   133433   0905   000537   0018   0003   
01   2721507      01   0226610411         134025   134354   0905   000209   0008   0003   
01   2721507      01   09912815888        134615   134639   0905   000024   0002   0003   
01   2721507      01   09081222102        160242   160321   0905   000039   0002   0003   
01   2721509      01   09912836227        133234   133717   0905   000283   0010   0003   
01   2721509      01   09912836227        135009   135137   0905   000088   0004   0003   
01   2721512      01   111                130317   130328   0905   000010   0002   0002   
01   2721513      01   09914520211        142215   142356   0905   000102   0004   0003   
01   2721513      01   09912318031        142808   142942   0905   000094   0004   0003   
01   2721513      01   09912317099        143129   144226   0905   000656   0022   0003   
01   2721513      01   5302766            222347   222738   0905   000231   0004   0002   
01   2721513      01   6663958            224134   224605   0905   000271   0005   0002   
01   2721518      01   09982825958        211505   211744   0904   000158   0006   0003   
01   2721518      01   09913714970        211826   211844   0904   000018   0002   0003   
01   2721518      01   09913714970        222509   222545   0904   000036   0001   0003   
01   2721518      01   09913714970        233900   233959   0904   000059   0001   0003   
01   2721518      01   09982832351        234147   234252   0904   000065   0002   0003   
01   2721518      01   09913714970        065529   065550   0905   000020   0001   0003   
01   2721518      01   09914520311        183924   184034   0905   000070   0004   0003   
01   2721522      01   02087580257        160016   160124   0905   000069   0004   0003   
01   2721522      01   09368217730        161041   161550   0905   000310   0012   0003   
01   2721522      01   09368217730        201612   202718   0905   000666   0024   0003   
01   2721522      01   09368217976        210952   211602   0905   000370   0014   0003   
01   2721523      01   7308016            132704   132928   0905   000144   0006   0002   
01   2721523      01   7308016            203755   203946   0905   000111   0004   0002   
01   2721525      01   111                154834   154850   0905   000017   0002   0002   
01   2721525      01   111                154901   154914   0905   000013   0002   0002   
01   2721525      01   3833739            204144   204310   0905   000086   0004   0002   
01   2721525      01   09009622701        212419   212643   0905   000143   0006   0003   
01   2721525      01   09009624108        212705   213415   0905   000430   0016   0003   
01   2721525      01   09009622196        213641   214211   0905   000330   0012   0003   
01   2721525      01   03713723832        214330   214649   0905   000199   0008   0003   
01   2721529      01   111                171529   171553   0905   000024   0002   0002   
01   2721529      01   111                171604   171622   0905   000018   0002   0002   
01   2721529      01   123                171642   171755   0905   000073   0004   0002   
01   2721529      01   111                171824   171837   0905   000013   0002   0002   
01   2721529      01   111                184100   184116   0905   000016   0002   0002   
01   2721529      01   0992228945         202930   203129   0905   000119   0004   0003   
01   2721529      01   0992224568         203345   203833   0905   000288   0010   0003   
01   2721529      01   0992235751         204118   204452   0905   000214   0008   0003   
01   2721529      01   111                204751   204805   0905   000014   0002   0002   
01   2721530      01   123                223428   223546   0904   000078   0002   0002   
01   2721530      01   123                223556   223816   0904   000140   0003   0002   
01   2721530      01   123                223839   224001   0904   000082   0002   0002   
01   2721530      01   09512012747        090415   090523   0905   000069   0004   0003   
01   2721530      01   09912812799        124004   124025   0905   000021   0002   0003   
01   2721530      01   09915826666        124928   124943   0905   000015   0002   0003   
01   2721530      01   09912870835        130125   130214   0905   000049   0002   0003   
01   2721530      01   09912834799        153951   154002   0905   000012   0002   0003   
01   2721530      01   09912834799        154201   154210   0905   000009   0002   0003   
01   2721530      01   07113224003        170044   170414   0905   000211   0008   0003   
01   2721530      01   111                170704   170726   0905   000023   0002   0002   
01   2721530      01   111                185121   185133   0905   000012   0002   0002   
01   2721552      01   111                172356   172409   0905   000013   0002   0002   
01   2721559      01   111                165054   165108   0905   000015   0002   0002   
01   2721559      01   111                165120   165131   0905   000012   0002   0002   
01   2721559      01   09932019270        191831   191951   0905   000080   0004   0003   
01   2721559      01   09932010534        192014   192210   0905   000116   0004   0003   
01   2721590      01   6912446            211138   211529   0904   000232   0008   0002   
01   2721590      01   09913836688        223648   223707   0905   000019   0001   0003   
01   2721590      01   09913836688        224206   224245   0905   000039   0001   0003   
01   2721591      01   4502925            134937   135135   0904   000118   0004   0002   
01   2721615      01   111                192641   192644   0905   000002   0002   0002   
01   2721615      01   111                192653   192704   0905   000010   0002   0002   
01   2721663      01   111                173142   173159   0905   000016   0002   0002   
01   2721663      01   111                174211   174226   0905   000015   0002   0002   
01   2721663      01   0992223628         182441   182514   0905   000034   0002   0003   
01   2721663      01   0992221862         211754   211927   0905   000093   0004   0003   
01   2721663      01   0992228377         212007   212501   0905   000294   0010   0003   
01   2721665      01   111                181502   181512   0905   000010   0002   0002   
01   2721665      01   111                181523   181533   0905   000010   0002   0002   
01   2721665      01   111                181552   181604   0905   000011   0002   0002   
01   2721665      01   09913827631        183151   183312   0905   000081   0004   0003   
01   2721665      01   0297264675         190701   191030   0905   000208   0008   0003   
01   2721667      01   03952622890        154848   155101   0905   000134   0006   0003   
01   2721669      01   09912863677        142524   142713   0905   000108   0004   0003   
01   2721669      01   3224203            142809   142820   0905   000012   0002   0002   
01   2721669      01   3224026            142837   143002   0905   000086   0004   0002   
01   2721669      01   09912837062        143313   143443   0905   000089   0004   0003   
01   2721669      01   01065957683        201044   201111   0905   000027   0002   0003   
01   2721669      01   01063853796        201202   201221   0905   000020   0002   0003   
01   2721669      01   03353017332        201350   201726   0905   000217   0008   0003   
01   2721669      01   03353101770        201802   201848   0905   000047   0002   0003   
01   2721669      01   03787222138        210345   210938   0905   000354   0012   0003   
01   2721670      01   111                165932   165948   0905   000016   0002   0002   
01   2721670      01   09915812763        170710   170725   0905   000014   0002   0003   
01   2721670      01   09915858119        170807   170832   0905   000026   0002   0003   
01   2721671      01   111                134730   134740   0905   000009   0002   0002   
01   2721671      01   01069211811        142313   142400   0905   000048   0002   0003   
01   2721671      01   09912832342        201640   201809   0905   000088   0004   0003   
01   2721671      01   01069211811        202610   204333   0905   001044   0036   0003   
01   2721671      01   09914894347        210434   210527   0905   000053   0002   0003   
01   2721671      01   05353221929        210655   210759   0905   000064   0004   0003   
01   2721671      01   03722921107        211047   211833   0905   000467   0016   0003   
01   2721671      01   05353221929        211920   212351   0905   000270   0010   0003   
01   2721671      01   09912865628        213914   213930   0905   000017   0002   0003   
01   2721671      01   09962151010        214422   214535   0905   000073   0004   0003   
01   2721671      01   09962151010        225137   225258   0905   000081   0002   0003   
01   2721671      01   09962151010        225311   225327   0905   000016   0001   0003   
01   2721672      01   111                135027   135040   0905   000013   0002   0002   
01   2721672      01   03934892338        135555   135700   0905   000065   0004   0003   
01   2721672      01   09318837492        135807   135838   0905   000030   0002   0003   
01   2721672      01   09318837462        135858   140017   0905   000080   0004   0003   
01   2721702      01   111                194626   194638   0905   000011   0002   0002   
01   2721735      01   111                125752   125804   0905   000012   0002   0002   
01   2721735      01   111                125822   125851   0905   000029   0002   0002   
01   2721735      01   111                131533   131546   0905   000012   0002   0002   
01   2721751      01   01063815549        141417   141540   0904   000083   0004   0003   
01   2721751      01   09913863663        143618   143940   0905   000201   0008   0003   
01   2721755      01   09914841491        165500   165535   0904   000034   0002   0003   
01   2721757      01   09998034771        222313   222344   0904   000030   0001   0003   
01   2721757      01   0999114            072804   072820   0905   000015   0002   0003   
01   2721757      01   0999114            072917   072924   0905   000007   0002   0003   
01   2721760      01   09962173550        231658   231858   0904   000120   0003   0003   
01   2721760      01   0997114            232258   232312   0904   000014   0001   0003   
01   2721760      01   0997114            232338   232403   0904   000024   0001   0003   
01   2721760      01   09972128348        232435   232515   0904   000041   0001   0003   
01   2721760      01   09318422433        143344   143419   0905   000035   0002   0003   
01   2721760      01   09318422433        205315   205644   0905   000208   0008   0003   
01   2721767      01   09009222624        183104   184826   0904   001042   0036   0003   
01   2721769      01   4821071            135207   135740   0904   000333   0012   0002   
01   2721769      01   4821071            203643   203754   0904   000071   0004   0002   
01   2721769      01   09965023804        223648   223953   0904   000186   0004   0003   
01   2721769      01   09965022983        224107   225328   0904   000740   0013   0003   
01   2721769      01   4821071            225401   230834   0904   000873   0015   0002   
01   2721769      01   09915827270        232403   233704   0904   000781   0014   0003   
01   2721769      01   09965023881        233819   233919   0904   000060   0001   0003   
01   2721770      01   0990710918         135343   135406   0904   000023   0002   0003   
01   2721770      01   4502311            161918   162044   0904   000086   0004   0002   
01   2721770      01   4502311            162302   162328   0904   000026   0002   0002   
01   2721770      01   0990710169         170454   170515   0904   000022   0002   0003   
01   2721770      01   0990710169         170924   170940   0904   000016   0002   0003   
01   2721770      01   4502501            171936   172052   0904   000076   0004   0002   
01   2721770      01   4502501            172211   172341   0904   000090   0004   0004   
01   2721770      01   4501498            201119   201138   0904   000018   0002   0002   
01   2721770      01   4502783            203039   203420   0904   000221   0008   0002   
01   2721771      01   4503702            220713   221127   0904   000254   0005   0002   
01   2721771      01   09914898134        221454   222239   0904   000465   0008   0003   
01   2721772      01   03706212698        212130   214719   0904   001550   0052   0003   
01   2721772      01   03706210698        214837   221248   0904   001451   0037   0003   
01   2721772      01   09096000053        221942   222350   0904   000248   0005   0003   
01   2721775      01   09913100642        140032   140132   0904   000060   0002   0003   
01   2721789      01   09912861993        232128   232512   0904   000224   0004   0003   
01   2721789      01   09912861993        232611   232626   0904   000015   0001   0003   
01   2721789      01   09914819824        232737   233044   0904   000186   0004   0003   
01   2721789      01   09912308920        234238   234632   0904   000233   0004   0003   
01   2721789      01   123                132636   132649   0905   000012   0002   0002   
01   2721813      01   111                193920   193949   0904   000029   0002   0002   
01   2721833      01   111                131618   131630   0905   000011   0002   0002   
01   2721840      01   4504533            203902   203919   0904   000018   0002   0002   
01   2721840      01   123                210619   210731   0904   000073   0004   0002   
01   2721840      01   0995640114         211242   211502   0904   000140   0006   0003   
01   2721868      01   09914821907        204457   204518   0904   000022   0002   0003   
01   2721900      01   09982828809        134315   134322   0904   000008   0002   0003   
01   2721901      01   09987282473        132630   132641   0904   000012   0002   0003   
01   2721901      01   09987282473        132710   132720   0904   000011   0002   0003   
01   2721901      01   09987281473        132811   133112   0904   000180   0008   0003   
01   2721901      01   0995524502         133242   133326   0904   000044   0002   0003   
01   2721901      01   09987281473        140138   140320   0904   000101   0004   0003   
01   2721901      01   09987281473        141233   141436   0904   000122   0006   0003   
01   2721901      01   09987281473        202328   202350   0904   000022   0002   0003   
01   2721901      01   09987281473        212122   212133   0904   000012   0002   0003   
01   2721901      01   09987281573        150142   150436   0905   000175   0006   0003   
01   2721903      01   09982822738        190146   190212   0904   000026   0002   0003   
01   2721903      01   09982822242        190258   190703   0904   000244   0010   0003   
01   2721903      01   09912826859        190824   190958   0904   000094   0004   0003   
01   2721903      01   09912616261        191154   191406   0904   000132   0006   0003   
01   2721903      01   09982822435        191745   191809   0904   000023   0002   0003   
01   2721903      01   09982822435        192317   192901   0904   000344   0012   0003   
01   2721903      01   09982826957        194825   195143   0904   000199   0008   0003   
01   2721903      01   0998114            200110   200117   0904   000008   0002   0003   
01   2721903      01   0998114            200545   200559   0904   000015   0002   0003   
01   2721903      01   09983421296        200648   200656   0904   000009   0002   0003   
01   2721906      01   09914840801        213623   213857   0904   000154   0006   0003   
01   2721912      01   09913835181        171916   171951   0904   000034   0002   0003   
01   2721912      01   07555590787        172109   172416   0904   000188   0008   0003   
01   2721912      01   09912842354        172613   172640   0904   000028   0002   0003   
01   2721912      01   01066183661        194200   194343   0904   000103   0004   0003   
01   2721912      01   02165363554        223044   223232   0904   000107   0002   0003   
01   2721912      01   02165363554        223303   224629   0904   000807   0014   0003   
01   2721912      01   09912842354        120634   120741   0905   000067   0004   0003   
01   2721912      01   09912842354        130333   130358   0905   000026   0002   0003   
01   2721912      01   0991181            142534   142551   0905   000018   0002   0003   
01   2721913      01   09912826295        105104   105206   0905   000061   0004   0003   
01   2721915      01   09912818247        140009   141202   0904   000713   0024   0003   
01   2721915      01   09982829829        230648   231158   0904   000310   0006   0003   
01   2721915      01   0839236258         231501   231515   0904   000014   0001   0003   
01   2721915      01   0839239258         231653   231658   0904   000004   0001   0003   
01   2721915      01   08393236258        231857   233041   0904   000705   0012   0003   
01   2721916      01   111                200927   200940   0904   000013   0002   0002   
01   2721918      01   09914814406        194407   194421   0904   000014   0002   0003   
01   2721918      01   09914814406        201748   201753   0904   000005   0002   0003   
01   2721918      01   09914814406        203837   203856   0904   000020   0002   0003   
01   2721918      01   09912631846        203923   204016   0904   000053   0002   0003   
01   2721922      01   09982827256        223727   224107   0904   000219   0004   0003   
01   2721923      01   07338218731        132011   132151   0904   000100   0004   0003   
01   2721923      01   03574924345        132342   133038   0904   000417   0014   0003   
01   2721923      01   09915818153        194002   194428   0904   000266   0010   0003   
01   2721923      01   09915818153        104119   104243   0905   000084   0004   0003   
01   2721926      01   09987282755        140121   140508   0904   000227   0008   0003   
01   2721926      01   02087604377        195511   195531   0904   000021   0002   0003   
01   2721926      01   02087604383        200557   200611   0904   000015   0002   0003   
01   2721926      01   03502027809        210338   210406   0904   000029   0002   0003   
01   2721926      01   09982826466        210705   211203   0904   000298   0010   0003   
01   2722055      01   09912861234        194101   194103   0904   000001   0002   0003   
01   2722055      01   4502966            194211   194815   0904   000364   0014   0002   
01   2722151      01   09318611817        124852   125729   0904   000517   0018   0003   
01   2722151      01   09009224950        154944   154955   0904   000011   0002   0003   
01   2722151      01   09914871481        155027   155035   0904   000008   0002   0003   
01   2722151      01   09914512110        155055   155257   0904   000122   0006   0003   
01   2722151      01   09009224950        155315   155335   0904   000020   0002   0003   
01   2722151      01   09009224950        155712   160556   0904   000525   0018   0003   
01   2722195      01   09912838047        102914   103044   0905   000089   0004   0003   
01   2722213      01   111                200118   200127   0904   000009   0002   0002   
01   2722213      01   111                200153   200211   0904   000018   0002   0002   
01   2722213      01   09914520211        101438   101507   0905   000028   0002   0003   
01   2722213      01   09914520211        102315   102751   0905   000276   0010   0003   
01   2722373      01   111                181353   181403   0905   000011   0002   0002   
01   2722413      01   111                132052   132103   0905   000011   0002   0002   
01   2722460      01   111                131718   131730   0905   000011   0002   0002   
01   2722462      01   111                131838   131850   0905   000011   0002   0002   
01   2722841      01   0991114            160637   160640   0903   000003   0002   0003   
01   2722841      01   0046946993         180943   181126   0903   000103   0004   0003   
01   2722841      01   09915810787        202409   203016   0903   000367   0014   0003   
01   2722841      01   09009521288        203655   203808   0903   000074   0004   0003   
01   2722841      01   09009522808        203829   203849   0903   000021   0002   0003   
01   2722841      01   006838673          210255   210316   0903   000022   0002   0003   
01   2722841      01   0085217233000      210546   210805   0903   000138   0006   0003   
01   2722841      01   006838637          210905   212358   0903   000892   0030   0003   
01   2722841      01   09009522808        214244   214314   0903   000031   0002   0003   
01   2722841      01   02165159088        222728   222749   0903   000021   0001   0003   
01   2722928      01   0991126            163234   163252   0905   000018   0002   0003   
01   2723169      01   0903114            125207   125229   0904   000023   0002   0003   
01   2723169      01   0903221240         125325   131142   0904   001097   0038   0003   
01   2723201      01   09965622377        094931   095206   0905   000155   0006   0003   
01   2723201      01   09932013275        095521   100151   0905   000390   0014   0003   
01   2723201      01   09964022016        100208   101306   0905   000657   0022   0003   
01   2723201      01   0990879563         101619   102022   0905   000243   0010   0003   
01   2723201      01   09932012004        102130   103358   0905   000747   0026   0003   
01   2723201      01   09972123390        120554   120707   0905   000073   0004   0003   
01   2723201      01   0990879621         120832   120852   0905   000020   0002   0003   
01   2723301      01   111                131558   131601   0905   000003   0002   0002   
01   2723301      01   111                131624   131645   0905   000021   0002   0002   
01   2723301      01   111                131927   131937   0905   000010   0002   0002   
01   2723301      01   3562162            132219   132336   0905   000077   0004   0002   
01   2723301      01   6661189            140637   140840   0905   000123   0006   0002   
01   2723303      01   09914514351        201016   201211   0904   000115   0004   0003   
01   2723303      01   4503911            205545   205744   0904   000118   0004   0002   
01   2723303      01   4503911            205757   205822   0904   000025   0002   0002   
01   2723303      01   4503911            210110   210130   0904   000020   0002   0002   
01   2723303      01   4503911            212231   212707   0904   000277   0010   0002   
01   2723303      01   0992591206         091607   092202   0905   000355   0012   0003   
01   2723350      01   111                122507   122520   0905   000013   0002   0002   
01   2723350      01   09913823975        131021   131104   0905   000043   0002   0003   
01   2723350      01   05463661409        131553   131649   0905   000056   0002   0003   
01   2723350      01   05463661409        131714   132058   0905   000224   0008   0003   
01   2723350      01   111                132138   132149   0905   000011   0002   0002   
01   2723398      01   111                195829   195842   0904   000013   0002   0002   
01   2723406      01   0995521404         201704   201743   0903   000039   0002   0003   
01   2723472      01   09009126           123957   124020   0905   000023   0002   0003   
01   2723480      01   09915851907        094402   094456   0905   000054   0002   0003   
01   2723480      01   09915851907        114220   114354   0905   000094   0004   0003   
01   2723601      01   111                204913   204922   0905   000009   0002   0002   
01   2723601      01   111                205446   205457   0905   000011   0002   0002   
01   2723601      01   111                205509   205522   0905   000013   0002   0002   
01   2723603      01   111                195957   200008   0904   000011   0002   0002   
01   2723610      01   111                193748   193800   0905   000012   0002   0002   
01   2723610      01   111                193809   193826   0905   000017   0002   0002   
01   2723610      01   09913835181        200703   200856   0905   000113   0004   0003   
01   2723610      01   09982831093        202825   203356   0905   000331   0012   0003   
01   2723611      01   111                192433   192522   0905   000048   0002   0002   
01   2723611      01   09912862753        214409   214502   0905   000053   0002   0003   
01   2723611      01   09914523000        214544   214555   0905   000011   0002   0003   
01   2723611      01   09914523001        214626   215026   0905   000240   0010   0003   
01   2723612      01   111                202857   202909   0905   000012   0002   0002   
01   2723612      01   09988512393        203001   203307   0905   000186   0008   0003   
01   2723612      01   09982829980        204224   205808   0905   000944   0032   0003   
01   2723612      01   09958231177        205856   205924   0905   000028   0002   0003   
01   2723612      01   0995823177         210304   210420   0905   000076   0004   0003   
01   2723612      01   09982823339        214959   215355   0905   000236   0008   0003   
01   2723613      01   111                184656   184707   0905   000011   0002   0002   
01   2723613      01   0940255453         190505   190735   0905   000150   0006   0003   
01   2723621      01   111                182021   182035   0905   000014   0002   0002   
01   2723621      01   0903290054         215722   215851   0905   000089   0004   0003   
01   2723621      01   0903290054         220108   220245   0905   000097   0002   0003   
01   2723627      01   111                151748   151800   0905   000012   0002   0002   
01   2723627      01   09914520872        210439   210624   0905   000105   0004   0003   
01   2723633      01   111                173016   173027   0905   000011   0002   0002   
01   2723633      01   09913820126        173101   173121   0905   000020   0002   0003   
01   2723633      01   5296293            173612   173642   0905   000030   0002   0002   
01   2723633      01   111                173848   173858   0905   000010   0002   0002   
01   2723633      01   5296293            173939   174008   0905   000029   0002   0002   
01   2723633      01   5296293            174218   174348   0905   000090   0004   0002   
01   2723633      01   09914824935        222739   223024   0905   000165   0003   0003   
01   2723693      01   09913871483        145426   145448   0905   000023   0002   0003   
01   2723693      01   09912832931        150205   150705   0905   000300   0010   0003   
01   2723698      01   09912628236        114200   114407   0905   000127   0006   0003   
01   2723698      01   09912628237        114422   114659   0905   000157   0006   0003   
01   2723727      01   111                131743   131752   0905   000009   0002   0002   
01   2723727      01   111                131804   131816   0905   000012   0002   0002   
01   2723847      01   111                132013   132025   0905   000011   0002   0002   
01   2723907      01   111                133942   133956   0905   000014   0002   0002   
01   2723907      01   111                134007   134019   0905   000011   0002   0002   
01   2723910      01   111                135741   135756   0905   000015   0002   0002   
01   2723910      01   111                140612   140621   0905   000009   0002   0002   
01   2723910      01   111                140634   140644   0905   000010   0002   0002   
01   2723910      01   111                140659   140709   0905   000011   0002   0002   
01   2723913      01   111                193749   193802   0904   000013   0002   0002   
01   2723913      01   111                193819   193830   0904   000011   0002   0002   
01   2723913      01   111                193842   193852   0904   000011   0002   0002   
01   2723913      01   111                195815   195826   0904   000012   0002   0002   
01   2723999      01   111                100337   100347   0905   000011   0002   0002   
01   2724215      01   111                211005   211046   0904   000041   0002   0002   
01   2724215      01   111                211108   211123   0904   000014   0002   0002   
01   2724215      01   111                211823   211848   0904   000025   0002   0002   
01   2724215      01   111                144344   144410   0905   000026   0002   0002   
01   2724297      01   09915810787        170652   170654   0903   000002   0002   0003   
01   2724297      01   09022231240        182810   182819   0903   000009   0002   0003   
01   2724297      01   0998114            182940   182952   0903   000011   0002   0003   
01   2724297      01   09982825487        183015   183023   0903   000007   0002   0003   
01   2724297      01   09982825487        183035   183130   0903   000055   0002   0003   
01   2724297      01   09915816891        214922   215232   0903   000190   0008   0003   
01   2724297      01   09912837310        215251   215502   0903   000131   0006   0003   
01   2724297      01   0995311139         215701   215741   0903   000040   0002   0003   
01   2724297      01   5617595            132759   132903   0904   000064   0004   0004   
01   2724297      01   16880127           133457   133710   0904   000133   0006   0002   
01   2724297      01   4501240            163912   163931   0904   000019   0002   0002   
01   2724297      01   6661834            164223   164250   0904   000027   0002   0002   
01   2724297      01   5800639            165944   170242   0904   000179   0006   0002   
01   2724297      01   16880001           170354   170356   0904   000002   0002   0002   
01   2724297      01   6912666            171452   171501   0904   000009   0002   0002   
01   2724297      01   16800111           181554   181626   0904   000032   0002   0002   
01   2724297      01   3221240            183356   183421   0904   000025   0002   0002   
01   2724297      01   3221240            183555   183740   0904   000105   0004   0002   
01   2724297      01   5801240            183917   183951   0904   000034   0002   0002   
01   2724297      01   7211333            184031   184116   0904   000045   0002   0002   
01   2724297      01   7213999            184206   184248   0904   000041   0002   0002   
01   2724297      01   6661834            184418   184501   0904   000043   0002   0002   
01   2724297      01   6661808            184512   184906   0904   000234   0008   0002   
01   2724297      01   6912666            185544   185640   0904   000056   0002   0002   
01   2724377      01   111                164823   164841   0905   000018   0002   0002   
01   2724427      01   111                164525   164538   0905   000013   0002   0002   
01   2724636      01   111                195950   195959   0904   000009   0002   0002   
01   2724732      01   05147319839        212912   215121   0904   001329   0046   0003   
01   2724732      01   05147319839        223443   224753   0904   000790   0014   0003   
01   2724941      01   09915819138        212728   212830   0904   000063   0004   0003   
01   2724941      01   09915814870        094222   094310   0905   000047   0002   0003   
01   2724941      01   09915814241        094334   094409   0905   000036   0002   0003   
01   2724941      01   09977124128        120344   120424   0905   000040   0002   0003   
01   2724941      01   09912624485        120946   121013   0905   000027   0002   0003   
01   2724941      01   05786123919        121317   122351   0905   000634   0022   0003   
